ASK 1995  9   544.62
ASK 1995 10   534.52
ASK 1995 11   522.09
ASK 1995 12   524.87
ASK 1996  1   532.47
ASK 1996  2   535.06
ASK 1996  3   528.34
ASK 1996  4   533.60
ASK 1996  5   550.96
ASK 1996  6   549.51
ASK 1996  7   543.53
ASK 1996  8   539.74
ASK 1996  9   537.07
ASK 1996 10   531.26
ASK 1996 11   531.74
ASK 1996 12   541.80
ASK 1997  1   539.31
ASK 1997  2   535.84
ASK 1997  3   539.68
ASK 1997  4   538.31
ASK 1997  5   534.49
ASK 1997  6   534.82
ASK 1997  7   533.27
ASK 1997  8   526.14
ASK 1997  9   520.87
ASK 1997 10   519.73
ASK 1997 11   518.00
ASK 1997 12   526.59
ASK 1998  1   537.63
ASK 1998  2   531.18
ASK 1998  3   535.02
ASK 1998  4   552.77
ASK 1998  5   556.21
ASK 1998  6   557.53
ASK 1998  7   557.32
ASK 1998  8   551.56
ASK 1998  9   549.70
ASK 1998 10   544.84
ASK 1998 11   541.11
ASK 1998 12   540.41
ASK 1999  1   536.78
ASK 1999  2   537.50
ASK 1999  3   544.75
ASK 1999  4   549.54
ASK 1999  5   548.98
ASK 1999  6   544.68
ASK 1999  7   543.10
ASK 1999  8   541.07
ASK 1999  9   531.22
ASK 1999 10   524.17
ASK 1999 11   526.32
ASK 1999 12   529.78
ASK 2000  1   526.02
ASK 2000  2   522.94
ASK 2000  3   535.43
ASK 2000  4   546.92
ASK 2000  5   559.43
ASK 2000  6   574.39
ASK 2000  7   557.49
ASK 2000  8   534.86
ASK 2000  9   532.34
ASK 2000 10   528.43
ASK 2000 11   524.85
ASK 2000 12   543.78
ASK 2001  1   553.18
ASK 2001  2   544.05
ASK 2001  3   545.51
ASK 2001  4   553.97
ASK 2001  5   554.29
ASK 2001  6   548.59
ASK 2001  7   545.24
ASK 2001  8   545.82
ASK 2001  9   545.14
ASK 2001 10   538.39
ASK 2001 11   533.25
ASK 2001 12   532.27
ASK 2002  1   526.58
ASK 2002  2   526.06
ASK 2002  3   542.27
ASK 2002  4   560.30
ASK 2002  5   552.10
ASK 2002  6   540.95
ASK 2002  7   536.92
ASK 2002  8   532.54
ASK 2002  9   531.00
ASK 2002 10   522.12
ASK 2002 11   523.08
ASK 2002 12   533.47
ASK 2003  1   532.58
ASK 2003  2   529.36
ASK 2003  3   545.97
ASK 2003  4   564.81
ASK 2003  5   560.74
ASK 2003  6   549.16
ASK 2003  7   542.08
ASK 2003  8   537.99
ASK 2003  9   538.76
ASK 2003 10   538.00
ASK 2003 11   534.00
ASK 2003 12   530.54
ASK 2004  1   531.79
ASK 2004  2   532.28
ASK 2004  3   536.33
ASK 2004  4   546.78
ASK 2004  5   549.60
ASK 2004  6   545.23
ASK 2004  7   542.95
ASK 2004  8   536.15
ASK 2004  9   528.15
ASK 2004 10   528.04
ASK 2004 11   527.93
ASK 2004 12   522.91
ASK 2005  1   527.48
ASK 2005  2   538.38
ASK 2005  3   539.40
ASK 2005  4   539.43
ASK 2005  5   541.40
ASK 2005  6   538.18
