ASK 1995  9    99.41
ASK 1995 10   101.42
ASK 1995 11   106.49
ASK 1995 12   106.48
ASK 1996  1   110.44
ASK 1996  2   121.78
ASK 1996  3   127.09
ASK 1996  4   122.44
ASK 1996  5   109.65
ASK 1996  6    99.12
ASK 1996  7    97.97
ASK 1996  8    95.60
ASK 1996  9    87.49
ASK 1996 10    90.75
ASK 1996 11   103.85
ASK 1996 12   107.66
ASK 1997  1   111.20
ASK 1997  2   122.32
ASK 1997  3   129.48
ASK 1997  4   125.00
ASK 1997  5   112.94
ASK 1997  6    98.94
ASK 1997  7    88.71
ASK 1997  8    85.35
ASK 1997  9    82.10
ASK 1997 10    89.92
ASK 1997 11   107.73
ASK 1997 12   117.92
ASK 1998  1   121.67
ASK 1998  2   134.33
ASK 1998  3   147.99
ASK 1998  4   145.30
ASK 1998  5   130.45
ASK 1998  6   113.08
ASK 1998  7   107.65
ASK 1998  8   108.07
ASK 1998  9   100.75
ASK 1998 10    97.98
ASK 1998 11   108.28
ASK 1998 12   117.34
ASK 1999  1   116.80
ASK 1999  2   118.56
ASK 1999  3   127.53
ASK 1999  4   129.93
ASK 1999  5   118.32
ASK 1999  6   101.27
ASK 1999  7    93.28
ASK 1999  8    92.29
ASK 1999  9    88.57
ASK 1999 10    86.72
ASK 1999 11    93.48
ASK 1999 12   103.02
ASK 2000  1   112.06
ASK 2000  2   122.41
ASK 2000  3   124.96
ASK 2000  4   120.15
ASK 2000  5   110.43
ASK 2000  6    97.60
ASK 2000  7    92.79
ASK 2000  8    97.62
ASK 2000  9    96.22
ASK 2000 10    87.28
ASK 2000 11    89.59
ASK 2000 12   101.53
ASK 2001  1   112.27
ASK 2001  2   117.56
ASK 2001  3   120.93
ASK 2001  4   122.13
ASK 2001  5   115.17
ASK 2001  6   106.08
ASK 2001  7   105.70
ASK 2001  8    99.87
ASK 2001  9    84.50
ASK 2001 10    80.47
ASK 2001 11    93.95
ASK 2001 12   104.56
ASK 2002  1   110.63
ASK 2002  2   114.82
ASK 2002  3   118.35
ASK 2002  4   121.87
ASK 2002  5   115.41
ASK 2002  6   101.67
ASK 2002  7    92.54
ASK 2002  8    88.92
ASK 2002  9    87.78
ASK 2002 10    96.73
ASK 2002 11   109.75
ASK 2002 12   114.70
ASK 2003  1   116.94
ASK 2003  2   120.41
ASK 2003  3   123.53
ASK 2003  4   124.92
ASK 2003  5   118.10
ASK 2003  6   105.98
ASK 2003  7   101.82
ASK 2003  8   103.46
ASK 2003  9    94.23
ASK 2003 10    88.79
ASK 2003 11    98.84
ASK 2003 12   109.03
ASK 2004  1   110.70
ASK 2004  2   115.12
ASK 2004  3   123.61
ASK 2004  4   123.53
ASK 2004  5   111.44
ASK 2004  6    95.37
ASK 2004  7    90.66
ASK 2004  8    92.44
ASK 2004  9    87.31
ASK 2004 10    85.06
ASK 2004 11    97.22
ASK 2004 12   109.67
ASK 2005  1   112.43
ASK 2005  2   116.95
ASK 2005  3   124.54
ASK 2005  4   123.44
ASK 2005  5   111.83
ASK 2005  6    97.73
ASK 2005  7    91.00
ASK 2005  8    89.66
ASK 2005  9    85.92
ASK 2005 10    85.49
ASK 2005 11    98.16
ASK 2005 12   113.88
ASK 2006  1   120.56
ASK 2006  2   119.62
ASK 2006  3   115.69
ASK 2006  4   112.70
ASK 2006  5   108.03
ASK 2006  6    98.90
ASK 2006  7    93.18
ASK 2006  8    91.26
ASK 2006  9    87.01
ASK 2006 10    86.79
ASK 2006 11    96.47
ASK 2006 12   105.15
ASK 2007  1   113.46
ASK 2007  2   125.97
ASK 2007  3   132.00
ASK 2007  4   125.92
ASK 2007  5   111.20
ASK 2007  6    98.70
ASK 2007  7    95.84
ASK 2007  8    94.54
ASK 2007  9    86.47
ASK 2007 10    83.05
ASK 2007 11    95.14
ASK 2007 12   108.70
ASK 2008  1   117.27
ASK 2008  2   119.91
ASK 2008  3   117.23
ASK 2008  4   110.94
ASK 2008  5   102.63
ASK 2008  6    94.89
ASK 2008  7    91.76
ASK 2008  8    90.36
ASK 2008  9    84.14
ASK 2008 10    83.83
ASK 2008 11    91.73
ASK 2008 12    97.26
ASK 2009  1    99.69
ASK 2009  2   106.20
ASK 2009  3   116.29
ASK 2009  4   119.82
ASK 2009  5   109.97
ASK 2009  6    93.25
ASK 2009  7    89.65
ASK 2009  8    93.75
ASK 2009  9    88.29
ASK 2009 10    81.74
ASK 2009 11    86.42
ASK 2009 12    93.96
ASK 2010  1    97.99
ASK 2010  2   103.42
ASK 2010  3   113.28
ASK 2010  4   121.04
ASK 2010  5   116.07
ASK 2010  6    99.27
ASK 2010  7    91.59
ASK 2010  8    94.21
ASK 2010  9    90.48
ASK 2010 10    87.39
ASK 2010 11    92.41
ASK 2010 12    95.23
ASK 2011  1    95.05
ASK 2011  2   102.28
ASK 2011  3   115.31
ASK 2011  4   118.19
ASK 2011  5   108.08
ASK 2011  6    96.39
ASK 2011  7    91.90
ASK 2011  8    91.25
ASK 2011  9    88.05
ASK 2011 10    85.41
ASK 2011 11    88.51
ASK 2011 12    94.13
ASK 2012  1   101.05
ASK 2012  2   111.68
ASK 2012  3   119.00
ASK 2012  4   115.47
ASK 2012  5    97.94
ASK 2012  6    83.41
ASK 2012  7    89.66
ASK 2012  8   101.13
ASK 2012  9    97.59
ASK 2012 10    89.55
ASK 2012 11    92.06
ASK 2012 12    96.78
ASK 2013  4   113.67
ASK 2013  5   105.71
ASK 2013  6    96.20
ASK 2013  7    95.14
ASK 2013  8    96.21
ASK 2013  9    88.02
ASK 2013 10    80.32
ASK 2013 11    86.66
ASK 2013 12    96.46
ASK 2014  1   102.18
ASK 2014  2   108.80
ASK 2014  3   114.32
ASK 2014  4   112.65
ASK 2014  5   103.59
ASK 2014  6    93.44
ASK 2014  7    89.89
ASK 2014  8    92.01
ASK 2014  9    87.67
ASK 2014 10    85.50
ASK 2014 11    93.00
ASK 2014 12    99.81
ASK 2015  1   102.81
ASK 2015  2   110.64
ASK 2015  3   118.59
ASK 2015  4   114.94
ASK 2015  5   105.07
ASK 2015  6    96.40
ASK 2015  7    94.51
ASK 2015  8    93.65
ASK 2015  9    87.38
ASK 2015 10    85.78
ASK 2015 11    94.20
ASK 2015 12   104.99
ASK 2016  1   111.18
ASK 2016  2   114.25
ASK 2016  3   117.48
ASK 2016  4   118.24
ASK 2016  5   109.30
ASK 2016  6    95.41
ASK 2016  7    90.81
ASK 2016  8    91.63
ASK 2016  9    86.86
ASK 2016 10    85.55
ASK 2016 11    95.65
ASK 2016 12   102.21
ASK 2017  1   102.62
ASK 2017  2   110.00
ASK 2017  3   117.29
ASK 2017  4   116.00
ASK 2017  5   106.09
ASK 2017  6    95.03
ASK 2017  7    93.10
ASK 2017  8   100.09
ASK 2017  9   101.78
ASK 2017 10    96.24
ASK 2017 11    96.21
ASK 2017 12   100.60
ASK 2018  1   105.14
ASK 2018  2   109.86
ASK 2018  3   113.31
ASK 2018  4   114.22
ASK 2018  5   110.43
ASK 2018  6   102.52
ASK 2018  7    98.52
ASK 2018  8   101.32
ASK 2018  9   101.87
ASK 2018 10    97.53
ASK 2018 11    95.40
ASK 2018 12    96.99
