ASK 1996 12     3.96
ASK 1997  1     3.98
ASK 1997  2     4.02
ASK 1997  3     4.08
ASK 1997  4     4.09
ASK 1997  5     4.07
ASK 1997  6     4.06
ASK 1997  7     4.10
ASK 1997  8     4.13
ASK 1997  9     4.13
ASK 1997 10     4.14
ASK 1997 11     4.17
ASK 1997 12     4.19
ASK 1998  1     4.20
ASK 1998  2     4.25
ASK 1998  3     4.28
ASK 1998  4     4.24
ASK 1998  5     4.24
ASK 1998  6     4.31
ASK 1998  7     4.36
ASK 1998  8     4.35
ASK 1998  9     4.35
ASK 1998 10     4.37
ASK 1998 11     4.39
ASK 1998 12     4.39
ASK 1999  1     4.39
ASK 1999  2     4.41
ASK 1999  3     4.45
ASK 1999  4     4.46
ASK 1999  5     4.47
ASK 1999  6     4.53
ASK 1999  7     4.54
ASK 1999  8     4.51
ASK 1999  9     4.48
ASK 1999 10     4.50
ASK 1999 11     4.53
ASK 1999 12     4.58
ASK 2000  1     4.62
ASK 2000  2     4.64
ASK 2000  3     4.61
ASK 2000  4     4.60
ASK 2000  5     4.64
ASK 2000  6     4.70
ASK 2000  7     4.73
ASK 2000  8     4.74
ASK 2000  9     4.73
ASK 2000 10     4.71
ASK 2000 11     4.72
ASK 2000 12     4.78
ASK 2001  1     4.81
ASK 2001  2     4.80
ASK 2001  3     4.81
ASK 2001  4     4.84
ASK 2001  5     4.87
ASK 2001  6     4.90
ASK 2001  7     4.93
ASK 2001  8     4.93
ASK 2001  9     4.91
ASK 2001 10     4.91
ASK 2001 11     4.93
ASK 2001 12     4.96
ASK 2002  1     5.00
ASK 2002  2     5.02
ASK 2002  3     5.03
ASK 2002  4     5.06
ASK 2002  5     5.08
ASK 2002  6     5.08
ASK 2002  7     5.09
ASK 2002  8     5.10
ASK 2002  9     5.11
ASK 2002 10     5.13
ASK 2002 11     5.15
ASK 2002 12     5.17
ASK 2003  1     5.18
ASK 2003  2     5.20
ASK 2003  3     5.25
ASK 2003  4     5.29
ASK 2003  5     5.31
ASK 2003  6     5.34
ASK 2003  7     5.37
ASK 2003  8     5.38
ASK 2003  9     5.39
ASK 2003 10     5.40
ASK 2003 11     5.42
ASK 2003 12     5.45
ASK 2004  1     5.47
ASK 2004  2     5.48
ASK 2004  3     5.48
ASK 2004  4     5.48
ASK 2004  5     5.50
ASK 2004  6     5.55
ASK 2004  7     5.60
ASK 2004  8     5.62
ASK 2004  9     5.62
ASK 2004 10     5.61
ASK 2004 11     5.63
ASK 2004 12     5.68
ASK 2005  1     5.69
ASK 2005  2     5.68
ASK 2005  3     5.69
ASK 2005  4     5.71
ASK 2005  5     5.73
ASK 2005  6     5.77
ASK 2005  7     5.81
ASK 2005  8     5.82
ASK 2005  9     5.83
ASK 2005 10     5.84
ASK 2005 11     5.86
ASK 2005 12     5.91
ASK 2006  1     5.96
ASK 2006  2     5.96
ASK 2006  3     5.94
ASK 2006  4     5.95
ASK 2006  5     5.98
ASK 2006  6     6.01
ASK 2006  7     6.04
ASK 2006  8     6.07
ASK 2006  9     6.07
ASK 2006 10     6.08
ASK 2006 11     6.10
ASK 2006 12     6.12
ASK 2007  1     6.15
ASK 2007  2     6.20
ASK 2007  3     6.24
ASK 2007  4     6.26
ASK 2007  5     6.26
ASK 2007  6     6.29
ASK 2007  7     6.32
ASK 2007  8     6.33
ASK 2007  9     6.35
ASK 2007 10     6.38
ASK 2007 11     6.41
ASK 2007 12     6.43
ASK 2008  1     6.46
ASK 2008  2     6.48
ASK 2008  3     6.49
ASK 2008  4     6.50
ASK 2008  5     6.52
ASK 2008  6     6.56
ASK 2008  7     6.62
ASK 2008  8     6.65
ASK 2008  9     6.64
ASK 2008 10     6.67
ASK 2008 11     6.73
ASK 2008 12     6.76
ASK 2009  1     6.74
ASK 2009  2     6.74
ASK 2009  3     6.78
ASK 2009  4     6.83
ASK 2009  5     6.86
ASK 2009  6     6.89
ASK 2009  7     6.93
ASK 2009  8     6.95
ASK 2009  9     6.94
ASK 2009 10     6.94
ASK 2009 11     6.97
ASK 2009 12     7.00
ASK 2010  1     6.99
ASK 2010  2     7.01
ASK 2010  3     7.07
ASK 2010  4     7.10
ASK 2010  5     7.11
ASK 2010  6     7.16
ASK 2010  7     7.21
ASK 2010  8     7.24
ASK 2010  9     7.23
ASK 2010 10     7.19
ASK 2010 11     7.20
ASK 2010 12     7.25
ASK 2011  1     7.28
ASK 2011  2     7.29
ASK 2011  3     7.33
ASK 2011  4     7.36
ASK 2011  5     7.38
ASK 2011  6     7.41
ASK 2011  7     7.45
ASK 2011  8     7.47
ASK 2011  9     7.48
ASK 2011 10     7.50
ASK 2011 11     7.55
ASK 2011 12     7.60
ASK 2012  1     7.63
ASK 2012  2     7.65
ASK 2012  3     7.66
ASK 2012  4     7.67
ASK 2012  5     7.69
ASK 2012  6     7.73
ASK 2012  7     7.76
ASK 2012  8     7.78
ASK 2012  9     7.80
ASK 2012 10     7.83
ASK 2012 11     7.86
ASK 2012 12     7.88
ASK 2013  4     8.00
ASK 2013  5     8.00
ASK 2013  6     8.05
ASK 2013  7     8.12
ASK 2013  8     8.15
ASK 2013  9     8.14
ASK 2013 10     8.13
ASK 2013 11     8.18
ASK 2013 12     8.22
ASK 2014  1     8.23
ASK 2014  2     8.27
ASK 2014  3     8.31
ASK 2014  4     8.32
ASK 2014  5     8.34
ASK 2014  6     8.38
ASK 2014  7     8.42
ASK 2014  8     8.44
ASK 2014  9     8.46
ASK 2014 10     8.50
ASK 2014 11     8.54
ASK 2014 12     8.56
ASK 2015  1     8.57
ASK 2015  2     8.61
ASK 2015  3     8.65
ASK 2015  4     8.66
ASK 2015  5     8.66
ASK 2015  6     8.70
ASK 2015  7     8.75
ASK 2015  8     8.77
ASK 2015  9     8.77
ASK 2015 10     8.79
ASK 2015 11     8.84
ASK 2015 12     8.88
ASK 2016  1     8.90
ASK 2016  2     8.93
ASK 2016  3     8.96
ASK 2016  4     8.98
ASK 2016  5     9.00
ASK 2016  6     9.05
ASK 2016  7     9.08
ASK 2016  8     9.09
ASK 2016  9     9.11
ASK 2016 10     9.14
ASK 2016 11     9.18
ASK 2016 12     9.22
ASK 2017  1     9.25
ASK 2017  2     9.29
ASK 2017  3     9.32
ASK 2017  4     9.34
ASK 2017  5     9.37
ASK 2017  6     9.42
ASK 2017  7     9.45
ASK 2017  8     9.47
ASK 2017  9     9.49
ASK 2017 10     9.53
ASK 2017 11     9.55
ASK 2017 12     9.56
ASK 2018  1     9.60
ASK 2018  2     9.64
ASK 2018  3     9.66
ASK 2018  4     9.68
ASK 2018  5     9.70
ASK 2018  6     9.72
ASK 2018  7     9.75
ASK 2018  8     9.80
ASK 2018  9     9.84
ASK 2018 10     9.86
ASK 2018 11     9.88
ASK 2018 12     9.93
